Collocate	Rank	Freq(Scaled)	FreqLR	FreqL	FreqR	Range	Likelihood	Effect
power	1	5868	487	55	432	1	586.007	1.858
energy	2	6654	352	77	275	1	201.269	1.209
civil	3	570	76	73	3	1	149.809	2.542
nuclear	4	8988	78	39	39	1	107.881	-1.399
plants	5	762	71	10	61	1	96.511	2.025
capacity	6	1656	102	16	86	1	76.804	1.428
programme	7	450	46	7	39	1	69.408	2.159
harnessing	8	204	30	29	1	1	64.391	2.684
sector	9	1254	80	17	63	1	63.897	1.479
india	10	3240	151	52	99	1	63.629	1.026
sustainable	11	348	37	28	9	1	58.234	2.216
transforming	12	174	26	0	26	1	56.566	2.707
corporation	13	438	41	5	36	1	55.956	2.032
advancement	14	162	23	23	0	1	47.864	2.633
kudankulam	15	342	32	28	4	1	43.632	2.031
damage	16	252	27	1	26	1	42.826	2.227
liability	17	594	42	26	16	1	39.444	1.627
reactors	18	2004	92	30	62	1	37.147	1.004
threestage	19	84	14	12	2	1	33.325	2.864
waste	20	636	38	8	30	1	26.998	1.384
fission	21	186	18	2	16	1	25.507	2.080
peaceful	22	114	14	14	0	1	25.481	2.424
data	23	936	3	3	0	1	25.458	-2.836
private	24	810	43	20	23	1	24.265	1.214
opening	25	120	14	11	3	1	24.228	2.350
fusion	26	990	49	2	47	1	23.706	1.113
mission	27	366	25	11	14	1	22.241	1.577
cooperation	28	690	37	18	19	1	21.313	1.228
worst	29	42	8	6	2	1	21.114	3.057
advancing	30	138	14	8	6	1	20.918	2.148
plans	31	540	31	26	5	1	20.439	1.327
chain	32	186	16	2	14	1	19.674	1.910
barakah	33	60	9	7	2	1	19.632	2.712
advanced	34	720	37	30	7	1	19.464	1.167
nonenergy	35	24	6	3	3	1	19.171	3.449
core	36	282	20	13	7	1	18.846	1.632
journey	37	174	15	4	11	1	18.493	1.913
