Collocate	Rank	Freq(Scaled)	FreqLR	FreqL	FreqR	Range	Likelihood	Effect
power	1	3228	285	21	264	1	490.247	2.316
energy	2	4968	185	42	143	1	85.175	1.070
units	3	372	35	3	32	1	62.489	2.408
safety	4	456	36	8	28	1	53.677	2.155
irdgeneration	5	126	17	15	2	1	41.358	2.928
general	6	162	19	19	0	1	41.296	2.726
peaceful	7	132	17	15	2	1	39.875	2.861
plants	8	210	21	1	20	1	39.665	2.496
fusion	9	900	46	4	42	1	38.580	1.527
largest	10	258	22	13	9	1	35.555	2.266
operator	11	90	13	2	11	1	33.300	3.026
association	12	102	13	6	7	1	30.230	2.845
group	13	312	22	8	14	1	28.775	1.991
china	14	2604	84	62	22	1	25.818	0.863
operational	15	294	20	17	3	1	25.035	1.940
hualong	16	180	15	11	4	1	23.651	2.233
construction	17	654	30	11	19	1	20.842	1.371
fission	18	42	7	2	5	1	19.869	3.233
corp	19	96	10	0	10	1	19.587	2.554
medicine	20	18	5	1	4	1	19.524	3.969
underscores	21	30	6	3	3	1	19.231	3.496
leader	22	120	11	10	1	1	19.102	2.370
fuel	23	336	19	6	13	1	18.551	1.673
controlled	24	84	9	9	0	1	18.077	2.595
braincomputer	25	66	8	3	5	1	17.853	2.773
controllable	25	66	8	6	2	1	17.853	2.773
installed	27	264	16	8	8	1	17.226	1.773
