Collocate	Rank	Freq(Scaled)	FreqLR	FreqL	FreqR	Range	Likelihood	Effect
power	1	5034	346	25	321	1	508.133	2.115
reactors	2	1476	100	22	78	1	142.182	2.094
plants	3	1134	86	12	74	1	138.005	2.257
waste	4	516	52	12	40	1	108.823	2.667
build	5	816	51	42	9	1	65.783	1.978
industry	6	852	45	6	39	1	46.618	1.735
stations	7	360	28	2	26	1	45.949	2.293
renaissance	8	78	13	3	10	1	39.543	3.393
accident	9	192	19	1	18	1	39.074	2.641
modular	10	408	27	25	2	1	37.194	2.060
regulation	11	108	14	4	10	1	35.740	3.030
generation	12	654	34	12	22	1	34.416	1.712
dump	13	96	12	1	11	1	29.807	2.978
small	14	582	29	18	11	1	27.589	1.651
safety	15	456	25	14	11	1	27.225	1.789
nuclear	16	6474	56	28	28	1	26.195	-0.875
sites	17	408	23	2	21	1	25.993	1.829
fusion	18	264	18	2	16	1	25.639	2.103
worst	19	120	12	12	0	1	24.893	2.656
climate	20	1674	6	1	5	1	23.596	-2.146
restart	21	180	14	13	1	1	22.955	2.293
building	22	624	28	22	6	1	22.605	1.500
golden	23	54	8	7	1	1	22.470	3.223
capacity	24	372	20	6	14	1	21.198	1.760
longheld	25	18	5	2	3	1	20.583	4.130
fukushima	26	348	19	13	6	1	20.566	1.783
britains	27	324	18	16	2	1	19.944	1.808
countrys	28	360	19	16	3	1	19.625	1.734
emissions	29	972	2	2	0	1	18.893	-2.947
regulatory	30	246	15	3	12	1	18.728	1.942
