Type	POS	Headword	Rank	Freq	Range	NormFreq	NormRange
nuclear			1	1498	1	22895.047	1.000
energy			2	1109	1	16949.671	1.000
power			3	978	1	14947.500	1.000
india			4	540	1	8253.221	1.000
reactors			5	334	1	5104.770	1.000
capacity			6	276	1	4218.313	1.000
fuel			7	240	1	3668.098	1.000
electricity			8	210	1	3209.586	1.000
sector			9	209	1	3194.302	1.000
global			10	199	1	3041.465	1.000
atomic			11	188	1	2873.344	1.000
minister			12	177	1	2705.222	1.000
fusion			13	165	1	2521.818	1.000
mw			14	164	1	2506.534	1.000
years			15	163	1	2491.250	1.000
crore			16	159	1	2430.115	1.000
space			17	158	1	2414.831	1.000
data			18	156	1	2384.264	1.000
generation			19	152	1	2323.129	1.000
projects			20	149	1	2277.278	1.000
safety			20	149	1	2277.278	1.000
solar			22	147	1	2246.710	1.000
rs			23	146	1	2231.426	1.000
modi			24	143	1	2185.575	1.000
private			25	135	1	2063.305	1.000
radiation			25	135	1	2063.305	1.000
expected			27	134	1	2048.022	1.000
govt			28	133	1	2032.738	1.000
small			28	133	1	2032.738	1.000
future			30	130	1	1986.887	1.000
plants			31	127	1	1941.035	1.000
water			31	127	1	1941.035	1.000
indian			33	123	1	1879.900	1.000
development			34	122	1	1864.617	1.000
investment			34	122	1	1864.617	1.000
advanced			36	120	1	1834.049	1.000
infrastructure			37	118	1	1803.482	1.000
major			38	117	1	1788.198	1.000
cooperation			39	115	1	1757.630	1.000
clean			40	114	1	1742.347	1.000
national			41	113	1	1727.063	1.000
pm			42	112	1	1711.779	1.000
security			43	111	1	1696.495	1.000
fast			44	110	1	1681.212	1.000
longterm			45	109	1	1665.928	1.000
time			45	109	1	1665.928	1.000
breeder			47	107	1	1635.360	1.000
ai			48	106	1	1620.077	1.000
waste			48	106	1	1620.077	1.000
strategic			50	105	1	1604.793	1.000
trade			50	105	1	1604.793	1.000
billion			52	104	1	1589.509	1.000
growth			52	104	1	1589.509	1.000
renewable			52	104	1	1589.509	1.000
scientists			52	104	1	1589.509	1.000
systems			52	104	1	1589.509	1.000
key			57	102	1	1558.942	1.000
international			58	101	1	1543.658	1.000
units			58	101	1	1543.658	1.000
critical			60	100	1	1528.374	1.000
economic			60	100	1	1528.374	1.000
liability			62	99	1	1513.091	1.000
demand			63	96	1	1467.239	1.000
uranium			63	96	1	1467.239	1.000
civil			65	95	1	1451.956	1.000
modular			66	94	1	1436.672	1.000
partnership			66	94	1	1436.672	1.000
support			66	94	1	1436.672	1.000
construction			69	93	1	1421.388	1.000
companies			70	92	1	1406.104	1.000
policy			71	91	1	1390.821	1.000
country			72	90	1	1375.537	1.000
plans			72	90	1	1375.537	1.000
russia			74	89	1	1360.253	1.000
government			75	88	1	1344.969	1.000
countries			76	87	1	1329.686	1.000
radioactive			77	86	1	1314.402	1.000
visit			77	86	1	1314.402	1.000
remains			79	85	1	1299.118	1.000
set			79	85	1	1299.118	1.000
prime			81	83	1	1268.551	1.000
manufacturing			82	82	1	1253.267	1.000
technologies			82	82	1	1253.267	1.000
regulatory			84	80	1	1222.699	1.000
russian			85	79	1	1207.416	1.000
storage			85	79	1	1207.416	1.000
thermal			85	79	1	1207.416	1.000
industrial			88	78	1	1192.132	1.000
proposed			88	78	1	1192.132	1.000
natural			90	77	1	1176.848	1.000
public			90	77	1	1176.848	1.000
supply			90	77	1	1176.848	1.000
decades			93	76	1	1161.564	1.000
site			93	76	1	1161.564	1.000
joint			95	75	1	1146.281	1.000
oil			95	75	1	1146.281	1.000
programme			95	75	1	1146.281	1.000
sources			95	75	1	1146.281	1.000
wind			95	75	1	1146.281	1.000
president			100	74	1	1130.997	1.000
