Type	POS	Headword	Rank	Freq	Range	NormFreq	NormRange
energy			1	828	1	22588.389	1.000
nuclear			2	650	1	17732.431	1.000
power			3	538	1	14676.997	1.000
china			4	434	1	11839.808	1.000
development			5	309	1	8429.725	1.000
global			6	205	1	5592.536	1.000
percent			7	155	1	4228.503	1.000
fusion			8	150	1	4092.100	1.000
international			9	143	1	3901.135	1.000
national			10	142	1	3873.854	1.000
capacity			11	140	1	3819.293	1.000
investment			12	128	1	3491.925	1.000
chinese			13	120	1	3273.680	1.000
electricity			14	118	1	3219.118	1.000
grow			15	110	1	3000.873	1.000
construction			16	109	1	2973.592	1.000
countries			17	105	1	2864.470	1.000
industrial			18	104	1	2837.189	1.000
green			19	103	1	2809.908	1.000
projects			19	103	1	2809.908	1.000
years			21	102	1	2782.628	1.000
industry			22	99	1	2700.786	1.000
supply			23	98	1	2673.505	1.000
cooperation			24	95	1	2591.663	1.000
key			25	94	1	2564.382	1.000
economic			26	86	1	2346.137	1.000
innovation			27	85	1	2318.856	1.000
billion			28	84	1	2291.576	1.000
strategic			28	84	1	2291.576	1.000
infrastructure			30	83	1	2264.295	1.000
clean			31	80	1	2182.453	1.000
security			31	80	1	2182.453	1.000
ai			33	79	1	2155.172	1.000
institute			34	78	1	2127.892	1.000
major			34	78	1	2127.892	1.000
total			34	78	1	2127.892	1.000
reactors			37	77	1	2100.611	1.000
safety			38	76	1	2073.330	1.000
plan			39	73	1	1991.488	1.000
province			39	73	1	1991.488	1.000
expected			41	69	1	1882.366	1.000
storage			41	69	1	1882.366	1.000
data			43	68	1	1855.085	1.000
science			44	67	1	1827.804	1.000
carbon			45	65	1	1773.243	1.000
private			45	65	1	1773.243	1.000
solar			45	65	1	1773.243	1.000
nations			48	64	1	1745.962	1.000
sector			48	64	1	1745.962	1.000
technological			50	63	1	1718.682	1.000
worlds			50	63	1	1718.682	1.000
capital			52	62	1	1691.401	1.000
future			52	62	1	1691.401	1.000
transition			52	62	1	1691.401	1.000
units			52	62	1	1691.401	1.000
uranium			52	62	1	1691.401	1.000
production			57	61	1	1664.120	1.000
region			57	61	1	1664.120	1.000
country			59	60	1	1636.840	1.000
role			59	60	1	1636.840	1.000
shanghai			61	58	1	1582.278	1.000
support			61	58	1	1582.278	1.000
experts			63	57	1	1554.998	1.000
generation			63	57	1	1554.998	1.000
renewable			63	57	1	1554.998	1.000
technologies			63	57	1	1554.998	1.000
university			63	57	1	1554.998	1.000
advanced			68	56	1	1527.717	1.000
consumption			68	56	1	1527.717	1.000
enterprises			68	56	1	1527.717	1.000
fuel			68	56	1	1527.717	1.000
critical			72	55	1	1500.436	1.000
director			72	55	1	1500.436	1.000
east			72	55	1	1500.436	1.000
efforts			75	54	1	1473.156	1.000
market			75	54	1	1473.156	1.000
policy			75	54	1	1473.156	1.000
trade			75	54	1	1473.156	1.000
yuan			75	54	1	1473.156	1.000
economy			80	52	1	1418.595	1.000
group			80	52	1	1418.595	1.000
oil			80	52	1	1418.595	1.000
core			83	51	1	1391.314	1.000
operation			83	51	1	1391.314	1.000
sectors			83	51	1	1391.314	1.000
gas			86	50	1	1364.033	1.000
government			86	50	1	1364.033	1.000
stable			86	50	1	1364.033	1.000
wang			86	50	1	1364.033	1.000
wind			86	50	1	1364.033	1.000
areas			91	49	1	1336.753	1.000
domestic			91	49	1	1336.753	1.000
engineering			91	49	1	1336.753	1.000
operational			91	49	1	1336.753	1.000
artificial			95	48	1	1309.472	1.000
chain			95	48	1	1309.472	1.000
grid			95	48	1	1309.472	1.000
time			95	48	1	1309.472	1.000
demand			99	47	1	1282.191	1.000
industries			99	47	1	1282.191	1.000
