Type	POS	Headword	Rank	Freq	Range	NormFreq	NormRange
energy			1	1161	1	16997.292	1.000
nuclear			2	1079	1	15796.794	1.000
power			3	839	1	12283.142	1.000
government			4	435	1	6368.494	1.000
electricity			5	384	1	5621.843	1.000
uk			6	283	1	4143.181	1.000
climate			7	279	1	4084.620	1.000
gas			8	264	1	3865.017	1.000
years			9	259	1	3791.816	1.000
reactors			10	246	1	3601.493	1.000
people			11	239	1	3499.012	1.000
solar			11	239	1	3499.012	1.000
bn			13	236	1	3455.091	1.000
fossil			14	190	1	2781.641	1.000
plants			15	189	1	2767.001	1.000
renewable			16	185	1	2708.440	1.000
clean			17	179	1	2620.599	1.000
water			18	163	1	2386.355	1.000
emissions			19	162	1	2371.715	1.000
fuel			20	154	1	2254.593	1.000
said			20	154	1	2254.593	1.000
time			22	153	1	2239.953	1.000
costs			23	150	1	2196.033	1.000
report			24	148	1	2166.752	1.000
site			25	146	1	2137.472	1.000
national			26	143	1	2093.551	1.000
industry			27	142	1	2078.911	1.000
wind			28	140	1	2049.630	1.000
million			29	139	1	2034.990	1.000
oil			30	137	1	2005.710	1.000
plan			30	137	1	2005.710	1.000
build			32	136	1	1991.069	1.000
renewables			33	134	1	1961.789	1.000
global			34	131	1	1917.868	1.000
investment			34	131	1	1917.868	1.000
countries			36	130	1	1903.228	1.000
security			37	127	1	1859.308	1.000
prices			38	126	1	1844.667	1.000
projects			39	125	1	1830.027	1.000
bills			40	121	1	1771.466	1.000
demand			41	119	1	1742.186	1.000
fuels			42	117	1	1712.905	1.000
policy			42	117	1	1712.905	1.000
public			42	117	1	1712.905	1.000
coal			45	116	1	1698.265	1.000
support			45	116	1	1698.265	1.000
ai			47	114	1	1668.985	1.000
expected			47	114	1	1668.985	1.000
governments			47	114	1	1668.985	1.000
net			50	113	1	1654.344	1.000
future			51	112	1	1639.704	1.000
crisis			52	110	1	1610.424	1.000
generation			53	109	1	1595.784	1.000
companies			54	108	1	1581.143	1.000
sizewell			55	106	1	1551.863	1.000
work			55	106	1	1551.863	1.000
supply			57	105	1	1537.223	1.000
trump			57	105	1	1537.223	1.000
building			59	104	1	1522.583	1.000
coalition			59	104	1	1522.583	1.000
economy			61	103	1	1507.942	1.000
minister			61	103	1	1507.942	1.000
green			63	102	1	1493.302	1.000
point			64	101	1	1478.662	1.000
change			65	99	1	1449.381	1.000
grid			65	99	1	1449.381	1.000
party			65	99	1	1449.381	1.000
local			68	98	1	1434.741	1.000
told			68	98	1	1434.741	1.000
small			70	97	1	1420.101	1.000
week			70	97	1	1420.101	1.000
construction			72	96	1	1405.461	1.000
jobs			73	94	1	1376.180	1.000
plans			73	94	1	1376.180	1.000
carbon			75	92	1	1346.900	1.000
australia			76	91	1	1332.260	1.000
price			77	90	1	1317.620	1.000
market			78	88	1	1288.339	1.000
technology			79	87	1	1273.699	1.000
waste			80	86	1	1259.059	1.000
china			81	85	1	1244.418	1.000
s			82	84	1	1229.778	1.000
economic			83	83	1	1215.138	1.000
hinkley			84	82	1	1200.498	1.000
war			84	82	1	1200.498	1.000
high			86	78	1	1141.937	1.000
set			86	78	1	1141.937	1.000
transition			88	77	1	1127.297	1.000
edf			89	76	1	1112.656	1.000
safety			89	76	1	1112.656	1.000
environmental			91	75	1	1098.016	1.000
risk			92	73	1	1068.736	1.000
smrs			92	73	1	1068.736	1.000
chief			94	72	1	1054.096	1.000
datacentres			94	72	1	1054.096	1.000
workers			96	70	1	1024.815	1.000
impact			97	69	1	1010.175	1.000
infrastructure			97	69	1	1010.175	1.000
labour			97	69	1	1010.175	1.000
leader			100	68	1	995.535	1.000
