Type	POS	Headword	Rank	Freq	Range	NormFreq	NormRange
nuclear			1	569	1	19482.965	1.000
power			2	382	1	13079.952	1.000
energy			3	343	1	11744.564	1.000
korea			4	312	1	10683.102	1.000
cooperation			5	281	1	9621.640	1.000
lee			6	251	1	8594.419	1.000
korean			7	198	1	6779.661	1.000
countries			8	168	1	5752.440	1.000
president			9	143	1	4896.422	1.000
global			10	136	1	4656.737	1.000
projects			11	128	1	4382.811	1.000
vietnam			12	121	1	4143.126	1.000
construction			13	112	1	3834.960	1.000
summit			13	112	1	3834.960	1.000
supply			15	103	1	3526.793	1.000
seoul			16	101	1	3458.312	1.000
development			17	100	1	3424.071	1.000
reactors			18	95	1	3252.868	1.000
support			19	93	1	3184.386	1.000
technology			19	93	1	3184.386	1.000
strategic			21	92	1	3150.146	1.000
trade			21	92	1	3150.146	1.000
bilateral			23	91	1	3115.905	1.000
infrastructure			23	91	1	3115.905	1.000
economic			25	90	1	3081.664	1.000
visit			26	88	1	3013.183	1.000
key			27	87	1	2978.942	1.000
billion			28	86	1	2944.701	1.000
ministry			28	86	1	2944.701	1.000
security			28	86	1	2944.701	1.000
business			31	85	1	2910.461	1.000
industry			31	85	1	2910.461	1.000
ai			33	82	1	2807.738	1.000
partnership			33	82	1	2807.738	1.000
engineering			35	79	1	2705.016	1.000
minister			35	79	1	2705.016	1.000
percent			37	78	1	2670.776	1.000
year			37	78	1	2670.776	1.000
companies			39	77	1	2636.535	1.000
agreement			40	75	1	2568.053	1.000
plants			41	73	1	2499.572	1.000
meeting			42	69	1	2362.609	1.000
won			42	69	1	2362.609	1.000
kim			44	68	1	2328.368	1.000
signed			44	68	1	2328.368	1.000
years			44	68	1	2328.368	1.000
national			47	66	1	2259.887	1.000
sk			47	66	1	2259.887	1.000
east			49	64	1	2191.406	1.000
market			49	64	1	2191.406	1.000
joint			51	63	1	2157.165	1.000
future			52	62	1	2122.924	1.000
defense			53	60	1	2054.443	1.000
government			53	60	1	2054.443	1.000
build			55	59	1	2020.202	1.000
expected			55	59	1	2020.202	1.000
investment			55	59	1	2020.202	1.000
leaders			55	59	1	2020.202	1.000
agreed			59	58	1	1985.961	1.000
growth			59	58	1	1985.961	1.000
plans			59	58	1	1985.961	1.000
vietnams			59	58	1	1985.961	1.000
hyundai			63	57	1	1951.721	1.000
ties			64	56	1	1917.480	1.000
smrs			65	55	1	1883.239	1.000
advanced			66	54	1	1848.998	1.000
international			66	54	1	1848.998	1.000
foreign			68	52	1	1780.517	1.000
small			69	50	1	1712.036	1.000
role			70	49	1	1677.795	1.000
jae			71	46	1	1575.073	1.000
lees			71	46	1	1575.073	1.000
office			71	46	1	1575.073	1.000
presidential			71	46	1	1575.073	1.000
safety			71	46	1	1575.073	1.000
expand			76	45	1	1540.832	1.000
industrial			76	45	1	1540.832	1.000
north			76	45	1	1540.832	1.000
chair			79	44	1	1506.591	1.000
critical			79	44	1	1506.591	1.000
lam			79	44	1	1506.591	1.000
modular			79	44	1	1506.591	1.000
shipbuilding			79	44	1	1506.591	1.000
areas			84	43	1	1472.351	1.000
cheong			84	43	1	1472.351	1.000
czech			84	43	1	1472.351	1.000
dae			84	43	1	1472.351	1.000
environment			84	43	1	1472.351	1.000
group			84	43	1	1472.351	1.000
sectors			84	43	1	1472.351	1.000
wa			84	43	1	1472.351	1.000
data			92	42	1	1438.110	1.000
doosan			92	42	1	1438.110	1.000
middle			92	42	1	1438.110	1.000
sides			92	42	1	1438.110	1.000
smr			92	42	1	1438.110	1.000
uae			92	42	1	1438.110	1.000
public			98	41	1	1403.869	1.000
secretary			98	41	1	1403.869	1.000
talks			98	41	1	1403.869	1.000
