Type	POS	Headword	Rank	Freq	Range	NormFreq	NormRange
energy			1	1036	1	20041.011	1.000
power			2	692	1	13386.467	1.000
nuclear			3	680	1	13154.331	1.000
gas			4	408	1	7892.599	1.000
trump			5	330	1	6383.720	1.000
solar			6	325	1	6286.997	1.000
electricity			7	289	1	5590.591	1.000
plants			8	275	1	5319.766	1.000
years			9	245	1	4739.428	1.000
united			10	242	1	4681.394	1.000
wind			11	232	1	4487.948	1.000
reactors			12	219	1	4236.468	1.000
companies			13	209	1	4043.022	1.000
administration			14	204	1	3946.299	1.000
china			15	193	1	3733.509	1.000
oil			16	183	1	3540.063	1.000
coal			17	179	1	3462.684	1.000
percent			18	172	1	3327.272	1.000
government			19	165	1	3191.860	1.000
climate			20	164	1	3172.515	1.000
billion			21	160	1	3095.137	1.000
countries			22	154	1	2979.069	1.000
clean			23	153	1	2959.725	1.000
natural			24	152	1	2940.380	1.000
president			24	152	1	2940.380	1.000
electric			26	145	1	2804.968	1.000
executive			27	138	1	2669.555	1.000
federal			28	135	1	2611.522	1.000
data			29	132	1	2553.488	1.000
prices			29	132	1	2553.488	1.000
industry			31	131	1	2534.143	1.000
renewable			31	131	1	2534.143	1.000
projects			33	128	1	2476.109	1.000
global			34	127	1	2456.765	1.000
costs			35	124	1	2398.731	1.000
build			36	117	1	2263.319	1.000
time			36	117	1	2263.319	1.000
fuel			38	113	1	2185.940	1.000
department			39	109	1	2108.562	1.000
building			40	108	1	2089.217	1.000
centers			41	107	1	2069.873	1.000
tax			42	103	1	1992.494	1.000
demand			43	98	1	1895.771	1.000
supply			44	95	1	1837.737	1.000
change			45	94	1	1818.393	1.000
american			46	93	1	1799.048	1.000
agency			47	92	1	1779.704	1.000
fossil			47	92	1	1779.704	1.000
fuels			47	92	1	1779.704	1.000
chief			50	90	1	1741.014	1.000
large			51	89	1	1721.670	1.000
group			52	87	1	1682.981	1.000
officials			53	84	1	1624.947	1.000
war			54	82	1	1586.258	1.000
construction			55	81	1	1566.913	1.000
policy			55	81	1	1566.913	1.000
safety			57	80	1	1547.568	1.000
support			58	78	1	1508.879	1.000
people			59	77	1	1489.535	1.000
deal			60	76	1	1470.190	1.000
europe			60	76	1	1470.190	1.000
fusion			62	75	1	1450.845	1.000
expected			63	73	1	1412.156	1.000
grid			63	73	1	1412.156	1.000
house			63	73	1	1412.156	1.000
national			63	73	1	1412.156	1.000
york			63	73	1	1412.156	1.000
panels			68	71	1	1373.467	1.000
south			68	71	1	1373.467	1.000
big			70	70	1	1354.122	1.000
utilities			70	70	1	1354.122	1.000
efforts			72	69	1	1334.778	1.000
technologies			72	69	1	1334.778	1.000
environmental			74	68	1	1315.433	1.000
director			75	67	1	1296.089	1.000
nations			75	67	1	1296.089	1.000
office			75	67	1	1296.089	1.000
public			75	67	1	1296.089	1.000
utility			75	67	1	1296.089	1.000
batteries			80	65	1	1257.399	1.000
bills			80	65	1	1257.399	1.000
plans			80	65	1	1257.399	1.000
chinese			83	64	1	1238.055	1.000
largest			84	63	1	1218.710	1.000
small			84	63	1	1218.710	1.000
high			86	62	1	1199.365	1.000
water			86	62	1	1199.365	1.000
emissions			88	61	1	1180.021	1.000
lng			88	61	1	1180.021	1.000
waste			90	60	1	1160.676	1.000
regulatory			91	59	1	1141.332	1.000
sources			91	59	1	1141.332	1.000
european			93	58	1	1121.987	1.000
radiation			93	58	1	1121.987	1.000
space			93	58	1	1121.987	1.000
capacity			96	57	1	1102.642	1.000
renewables			96	57	1	1102.642	1.000
called			98	56	1	1083.298	1.000
law			98	56	1	1083.298	1.000
months			98	56	1	1083.298	1.000
